% latex table generated in R 4.3.1 by xtable 1.8-4 package
% Tue Oct  3 01:34:38 2023
\begin{table}[ht]
\centering
\caption{Países - Matriz de correlación} 
\label{tabla:matriz_correlacion}
\begin{tabular}{rrrrrrrrrrrr}
  \hline
 & x1 & x2 & x3 & x4 & x5 & x6 & x7 & x8 & x9 & x10 & x11 \\ 
  \hline
x1 & 1.00 & 0.55 & -0.56 & -0.32 & -0.30 & -0.56 & -0.07 & -0.16 & 0.20 & -0.30 & -0.18 \\ 
  x2 & 0.55 & 1.00 & -0.03 & -0.32 & -0.24 & -0.70 & -0.07 & -0.02 & 0.29 & -0.62 & -0.57 \\ 
  x3 & -0.56 & -0.03 & 1.00 & 0.14 & 0.19 & 0.26 & -0.31 & 0.37 & 0.02 & 0.01 & -0.05 \\ 
  x4 & -0.32 & -0.32 & 0.14 & 1.00 & 0.74 & 0.47 & 0.09 & 0.06 & -0.19 & 0.28 & 0.21 \\ 
  x5 & -0.30 & -0.24 & 0.19 & 0.74 & 1.00 & 0.29 & 0.18 & 0.03 & -0.17 & 0.23 & 0.20 \\ 
  x6 & -0.56 & -0.70 & 0.26 & 0.47 & 0.29 & 1.00 & 0.11 & 0.06 & -0.38 & 0.78 & 0.62 \\ 
  x7 & -0.07 & -0.07 & -0.31 & 0.09 & 0.18 & 0.11 & 1.00 & -0.19 & -0.09 & 0.16 & 0.16 \\ 
  x8 & -0.16 & -0.02 & 0.37 & 0.06 & 0.03 & 0.06 & -0.19 & 1.00 & 0.10 & -0.11 & -0.12 \\ 
  x9 & 0.20 & 0.29 & 0.02 & -0.19 & -0.17 & -0.38 & -0.09 & 0.10 & 1.00 & -0.35 & -0.37 \\ 
  x10 & -0.30 & -0.62 & 0.01 & 0.28 & 0.23 & 0.78 & 0.16 & -0.11 & -0.35 & 1.00 & 0.88 \\ 
  x11 & -0.18 & -0.57 & -0.05 & 0.21 & 0.20 & 0.62 & 0.16 & -0.12 & -0.37 & 0.88 & 1.00 \\ 
   \hline
\end{tabular}
\end{table}
